R	2.5486	1.5637	0.8534	1477010443150000	-0.0024	2.8500	-0.0314	0.9995
L	0.0409	3.5573	1477010443550000	-0.0431	3.2476	-0.1564	0.9877
R	3.7650	1.6364	1.2611	1477010443950000	-0.1334	3.6370	-0.2790	0.9603
L	-0.3790	4.1161	1477010444350000	-0.2717	4.0121	-0.3971	0.9178
R	3.9861	1.6960	0.8770	1477010444750000	-0.4560	4.3668	-0.5090	0.8607
L	-0.5419	4.8171	1477010445150000	-0.6833	4.6957	-0.6129	0.7902
R	5.0427	1.7407	0.8311	1477010445550000	-0.9500	4.9934	-0.7071	0.7071
L	-1.3162	5.2273	1477010445950000	-1.2519	5.2554	-0.7902	0.6129
R	5.4825	1.8933	0.5795	1477010446350000	-1.5843	5.4775	-0.8607	0.5090
L	-2.3916	5.6616	1477010446750000	-1.9418	5.6562	-0.9178	0.3971
R	6.5306	1.9716	0.2928	1477010447150000	-2.3190	5.7886	-0.9603	0.2790
L	-2.7510	5.6545	1477010447550000	-2.7098	5.8728	-0.9877	0.1564
R	6.5223	2.0665	1.2372	1477010447950000	-3.1080	5.9073	-0.9995	0.0314
L	-3.7365	5.5727	1477010448350000	-3.5075	5.8916	-0.9956	-0.0941
R	7.4236	2.1640	0.0352	1477010448750000	-3.9018	5.8259	-0.9759	-0.2181
L	-4.2135	5.7482	1477010449150000	-4.2848	5.7114	-0.9409	-0.3387
R	7.4664	2.2806	0.6685	1477010449550000	-4.6504	5.5498	-0.8910	-0.4540
L	-4.5820	5.3359	1477010449950000	-4.9928	5.3436	-0.8271	-0.5621
R	7.0548	2.3754	-0.0809	1477010450350000	-5.3068	5.0961	-0.7501	-0.6613
L	-5.5596	4.8875	1477010450750000	-5.5872	4.8112	-0.6613	-0.7501
R	7.2555	2.4803	-0.1032	1477010451150000	-5.8297	4.4935	-0.5621	-0.8271
L	-5.7811	4.2872	1477010451550000	-6.0305	4.1478	-0.4540	-0.8910
R	7.1970	2.5803	-0.2933	1477010451950000	-6.1864	3.7797	-0.3388	-0.9409
L	-6.4242	3.2897	1477010452350000	-6.2949	3.3950	-0.2182	-0.9759
R	6.5462	2.7240	-0.5717	1477010452750000	-6.3543	2.9997	-0.0941	-0.9956
L	-6.3517	2.5870	1477010453150000	-6.3637	2.6000	0.0314	-0.9995
R	6.8909	2.7863	-0.4487	1477010453550000	-6.3230	2.2024	0.1564	-0.9877
L	-6.1884	1.8698	1477010453950000	-6.2327	1.8130	0.2790	-0.9603
R	6.2974	2.9201	-0.7407	1477010454350000	-6.0944	1.4379	0.3971	-0.9178
L	-5.7861	1.0127	1477010454750000	-5.9101	1.0832	0.5090	-0.8608
R	5.8123	3.0098	-0.4969	1477010455150000	-5.6828	0.7543	0.6129	-0.7902
L	-5.8248	0.7441	1477010455550000	-5.4161	0.4566	0.7071	-0.7071
R	5.1167	3.1171	-0.7190	1477010455950000	-5.1142	0.1946	0.7901	-0.6129
L	-4.7232	-0.3285	1477010456350000	-4.7818	-0.0275	0.8607	-0.5091
R	4.3203	-3.0499	-0.8550	1477010456750000	-4.4242	-0.2062	0.9177	-0.3972
L	-3.8650	-0.1017	1477010457150000	-4.0471	-0.3386	0.9603	-0.2790
R	3.9580	-3.0224	-1.3794	1477010457550000	-3.6563	-0.4228	0.9877	-0.1565
L	-3.2364	-0.4754	1477010457950000	-3.2580	-0.4572	0.9995	-0.0314
R	3.3554	-2.9455	-1.0715	1477010458350000	-2.8586	-0.4416	0.9956	0.0941
L	-2.4462	-0.0724	1477010458750000	-2.4643	-0.3759	0.9759	0.2181
R	2.3180	-3.0516	-0.9702	1477010459150000	-2.0813	-0.2614	0.9409	0.3387
L	-1.9004	-0.1743	1477010459550000	-1.7157	-0.0998	0.8910	0.4540
R	0.9133	3.0480	-1.6201	1477010459950000	-1.3732	0.1064	0.8271	0.5621
L	-1.2155	0.3794	1477010460350000	-1.0593	0.3539	0.7501	0.6613
R	0.9200	2.4227	-0.2882	1477010460750000	-0.7789	0.6388	0.6613	0.7501
L	-0.5058	0.8987	1477010461150000	-0.5364	0.9565	0.5621	0.8271
R	1.3017	1.8333	0.4523	1477010461550000	-0.3356	1.3022	0.4540	0.8910
L	-0.0534	1.6211	1477010461950000	-0.1797	1.6703	0.3388	0.9409
R	1.4416	1.5805	1.7249	1477010462350000	-0.0712	2.0550	0.2182	0.9759
L	-0.1747	2.6031	1477010462750000	-0.0118	2.4503	0.0941	0.9956
R	3.0915	1.5534	1.2617	1477010463150000	-0.0008	2.8500	0.0000	1.0000
L	0.1628	3.3754	1477010463550000	0.0274	3.2487	0.1254	0.9921
R	3.2814	1.5584	1.2221	1477010463950000	0.1054	3.6408	0.2487	0.9686
L	0.2596	3.9199	1477010464350000	0.2319	4.0200	0.3682	0.9298
R	4.6846	1.4455	0.5483	1477010464750000	0.4050	4.3803	0.4818	0.8763
L	0.6722	4.6779	1477010465150000	0.6218	4.7162	0.5878	0.8090
R	5.0255	1.3659	1.2802	1477010465550000	0.8790	5.0222	0.6846	0.7289
L	1.2275	5.3122	1477010465950000	1.1726	5.2935	0.7705	0.6374
R	5.5978	1.2870	0.9500	1477010466350000	1.4978	5.5259	0.8443	0.5358
L	1.7936	5.4664	1477010466750000	1.8496	5.7157	0.9048	0.4258
R	6.6971	1.2480	0.3744	1477010467150000	2.2224	5.8600	0.9511	0.3090
L	2.9474	5.9591	1477010467550000	2.6104	5.9563	0.9823	0.1874
R	7.0682	1.0987	0.9745	1477010467950000	3.0073	6.0033	0.9980	0.0628
L	3.5202	6.0363	1477010468350000	3.4071	6.0002	0.9980	-0.0628
R	7.2744	0.9644	0.5319	1477010468750000	3.8032	5.9470	0.9823	-0.1874
L	4.2140	6.0457	1477010469150000	4.1896	5.8445	0.9510	-0.3090
R	7.0200	0.9324	0.2448	1477010469550000	4.5601	5.6944	0.9048	-0.4258
L	4.9279	5.3961	1477010469950000	4.9089	5.4991	0.8443	-0.5358
R	7.6329	0.7821	-0.1726	1477010470350000	5.2305	5.2616	0.7705	-0.6374
L	5.6955	5.0055	1477010470750000	5.5197	4.9857	0.6845	-0.7290
R	7.9754	0.6708	-0.0653	1477010471150000	5.7721	4.6757	0.5878	-0.8090
L	5.9463	4.3635	1477010471550000	5.9836	4.3365	0.4817	-0.8763
R	7.1836	0.5815	-0.4257	1477010471950000	6.1510	3.9735	0.3681	-0.9298
L	6.0175	3.6688	1477010472350000	6.2715	3.5924	0.2487	-0.9686
R	6.9271	0.4603	-0.6769	1477010472750000	6.3433	3.1991	0.1253	-0.9921
L	6.2988	2.7457	1477010473150000	6.3653	2.8000	0.0000	-1.0000
R	6.8563	0.3523	-0.4298	1477010473550000	6.3370	2.4012	-0.1253	-0.9921
L	6.0890	1.9727	1477010473950000	6.2591	2.0092	-0.2487	-0.9686
R	6.4274	0.2314	-0.4905	1477010474350000	6.1325	1.6300	-0.3681	-0.9298
L	6.0898	1.0318	1477010474750000	5.9595	1.2696	-0.4818	-0.8763
R	5.9216	0.1328	-0.9409	1477010475150000	5.7427	0.9338	-0.5878	-0.8090
L	5.4204	0.4391	1477010475550000	5.4855	0.6278	-0.6846	-0.7290
R	5.7494	0.0678	-0.3416	1477010475950000	5.1919	0.3565	-0.7705	-0.6374
L	4.9945	-0.1513	1477010476350000	4.8667	0.1241	-0.8443	-0.5358
R	4.7444	0.0224	-0.7578	1477010476750000	4.5149	-0.0658	-0.9048	-0.4258
L	4.1694	-0.2422	1477010477150000	4.1421	-0.2100	-0.9511	-0.3090
R	3.6152	-0.0838	-1.0797	1477010477550000	3.7541	-0.3064	-0.9823	-0.1874
L	3.4248	-0.4492	1477010477950000	3.3572	-0.3533	-0.9980	-0.0628
R	3.2545	-0.0754	-1.0357	1477010478350000	2.9574	-0.3502	-0.9980	0.0628
L	2.6422	-0.3713	1477010478750000	2.5612	-0.2970	-0.9823	0.1874
R	2.7313	-0.1539	-0.8774	1477010479150000	2.1749	-0.1945	-0.9511	0.3090
L	1.7494	-0.0570	1477010479550000	1.8043	-0.0445	-0.9048	0.4258
R	1.4525	0.0845	-0.8079	1477010479950000	1.4556	0.1509	-0.8443	0.5358
L	1.0847	0.3191	1477010480350000	1.1340	0.3884	-0.7705	0.6374
R	1.2475	0.6689	-0.1749	1477010480750000	0.8448	0.6643	-0.6845	0.7290
L	0.4479	0.9511	1477010481150000	0.5924	0.9743	-0.5878	0.8090
R	0.7296	1.3044	0.9540	1477010481550000	0.3809	1.3135	-0.4818	0.8763
L	0.1854	1.8075	1477010481950000	0.2135	1.6765	-0.3681	0.9298
R	2.1620	1.5269	1.2380	1477010482350000	0.0930	2.0576	-0.2487	0.9686
L	0.2070	2.5413	1477010482750000	0.0212	2.4509	-0.1253	0.9921
R	3.1362	1.5921	1.0022	1477010483150000	-0.0008	2.8500	0.0000	1.0000
